49.269230769230774  577.1538461538462
36.36538461538462  545.4807692307693
26.980769230769234  506.7692307692308
22.28846153846154  465.7115384615385
25.80769230769231  427
32.84615384615385  391.8076923076923
43.40384615384615  355.44230769230774
56.307692307692314  319.0769230769231
72.73076923076924  287.4038461538462
91.5  259.25
111.4423076923077  231.09615384615387
134.90384615384616  201.76923076923077
158.3653846153846  175.96153846153848
190.03846153846155  153.67307692307693
217.01923076923077  133.73076923076923
246.34615384615387  112.61538461538463
279.19230769230774  90.32692307692308
315.5576923076923  71.5576923076923
354.2692307692308  57.48076923076923
392.9807692307693  43.40384615384615
435.2115384615385  31.673076923076923
475.09615384615387  23.461538461538463
518.5  16.423076923076923
564.25  10.557692307692308
611.1730769230769  8.211538461538462
656.923076923077  8.211538461538462
705.0192307692308  9.384615384615385
751.9423076923077  14.076923076923078
798.8653846153846  19.942307692307693
843.4423076923077  29.32692307692308
884.5  39.88461538461539
925.5576923076924  52.78846153846154
968.9615384615386  71.5576923076923
1008.8461538461539  92.67307692307693
1045.2115384615386  114.96153846153847
1080.4038461538462  139.59615384615387
1109.7307692307693  165.40384615384616
1136.7115384615386  193.55769230769232
1164.8653846153848  226.40384615384616
1189.5  260.42307692307696
1209.4423076923078  292.09615384615387
1224.6923076923078  327.28846153846155
1239.9423076923078  368.34615384615387
1249.326923076923  410.5769230769231
1252.8461538461538  453.9807692307693
1254.019230769231  495.03846153846155
1245.8076923076924  531.4038461538462
1227.0384615384617  574.8076923076924
